%s05 2x2
%file {230721/R vs Pgas/s05_2x2_2cm_R.ipynb}

R_s05_2x2 = [0.12595165558346322,
 0.1321003445374639,
 0.1384534675659678,
 0.13924025691501704,
 0.14144857445104791,
 0.14564136553254473,
 0.1475250752307273,
 0.14967445774794844,
 0.13859093531089822,
 0.24176486219134763,
 0.43859168329137604,
 0.7209511619407037,
 1.078635924643119,
 1.5580069766362574,
 2.379359143264598,
 3.1706909589982493,
 5.515024056184616,
 10.493733627713583,
 69.76498462489603];
kPa_s05_2x2 = [-40,-35, -30, -25, -20,-15,-10,-5,0,10,20,30,40,50,60,70,80,90,100];
mmHg_s05_2x2 = kPa_s05_2x2 * 7.50062


%s05 2x1.5
% file {230721/R vs Pgas/s05_2x15_2cm_R.ipynb}

R_s05_2x15 = [0.08043179925995814,
 0.08045716307224235,
 0.08081164458179879,
 0.08201192802463836,
 0.08313849462124798,
 0.08480556388771465,
 0.0890226722705329,
 0.21117953159856645,
 0.5372266911564639,
 2.424084528702236,
 23.77364999535882,
 164.45681918946255];

kPa_s05_2x15 = [-40, -30, -20, -15, -10, -5, 0, 10, 20, 30, 40, 50];
mmHg_s05_2x15 =  kPa_s05_2x15 * 7.50062


%s07_3x2 
% file {230725/R vs Pgas/s07_3x2_2cm_R.ipynb}

R_s07_3x2 = [0.017803313844547572,
 0.01833681271799479,
 0.018748142833471308,
 0.01935069080914957,
 0.020959201276016172,
 0.09969296738472028,
 0.17842867156275405,
 0.3122466477526105,
 0.7463113903997236,
 243.69260731944544]

kPa_s07_3x2 = [-40, -30, -20, -10, 0, 10, 20, 30, 40, 50];
mmHg_s07_3x2 =  kPa_s07_3x2 * 7.50062


% s05 3x1.5
% file {230721/R vs Pgas/s05_3x15_2cm_R.ipynb}

kPa_s05_3x15 = [-40, -30, -20, -10, 0, 5, 10, 20, 30, 40, 50]
mmHg_s05_3x15 =  kPa_s05_3x15 * 7.50062

R_s05_3x15  = [0.009015690418688257,
 0.00967890063535182,
 0.010963896136081744,
 0.012534227485893275,
 0.016098189368821226,
 0.047622457963773686,
 0.08311454731870208,
 0.2158783176178636,
 0.7544967771735113,
 3.3103968708229945,
 73.99402580545585]

%s07 2x2
%file {230724/R vs Pgas/s07_2x2_2cm_R.ipynb}

R_s07_2x2 = [0.004532107281158101,
 0.005613219468193036,
 0.00656748754330062,
 0.00760585307835434,
 0.009572188868045468,
 0.11792898518483227,
 0.2751020049280356,
 0.5437118675366568,
 1.2497609288871214,
 3.3494141911606423,
 23.581224747296666,
 159.22315830767465]

kPa_s07_2x2 = [-40, -30, -20, -10, 0, 10, 20, 30, 40, 50, 60, 70]
mmHg_s07_2x2 =  kPa_s07_2x2 * 7.50062


%s07_3x1.5
%file {230724/R vs Pgas/s07_3x15_2cm_R.ipynb}

R_s07_3x15 = [0.006134091342552293,
 0.006938574776983345,
 0.008140478838332889,
 0.00902190927913182,
 0.009896094523708918,
 0.01075506724004269,
 0.012256379190728986,
 0.02543699484453072,
 0.045223819638084486,
 0.07101616753206019,
 0.10747110246511496,
 0.2058470675611474,
 0.46770655334902744,
 2021.6809269073872]

kPa_s07_3x15 = [-40, -35, -30, -23, -20, -10, 0, 10, 20, 30, 40, 50, 60, 70]
mmHg_s07_3x15 =  kPa_s07_3x15 * 7.50062

%s05_3x2
%file {230724/R vs Pgas/s05_3x2_2cm_R.ipynb}

R_s05_3x2 = [0.015277560216061928,
 0.01653478365520908,
 0.018095820895772413,
 0.01981920999259939,
 0.04881089029565507,
 0.1543640151978958,
 0.5637920672114881,
 1.33838032172171,
 3.324209745070801,
 10.334226864116392,
76.594437310548386]

kPa_s05_3x2 = [-40, -30, -20, -10, 0, 10, 20, 30, 40, 50, 60]
mmHg_s05_3x2 =  kPa_s05_3x2 * 7.50062

%s07 2x15
%file {230725/R vs Pgas/s07_2x15_R}

R_s07_2x15 = [0.0037823341132796028,
 0.004614387786561109,
 0.005369057043940036,
 0.006264867890828571,
 0.008418843498806158,
 0.11128062091351529,
 0.25109034981900613,
 0.5340634022740591,
 1.0475385262303472,
 2.3168775867025797,
 12.503081188600044,
 68.90713712567171]

kPa_s07_2x15 = [-40, -30, -20, -10, 0, 10, 20, 30, 40, 50, 60, 70]
mmHg_s07_2x15 =  kPa_s05_2x15 * 7.50062